$ 65 0.0000049999999999999996 0.01737739434504451 62 5 43 5e-11
172 -16 384 -48 384 0 7 0 8 0 0 0.5 OUT
S -448 176 -496 176 0 0 false 0 2
R -496 160 -528 160 0 0 40 10 0 0 0.5
R -496 192 -528 192 0 0 40 0 0 0 0.5
r -32 240 32 240 0 10000
d -80 240 -32 240 2 default
34 zener\s7.5\s(?) 1 1.7143528192810002e-7 0 2.0000000000000084 7.5 1
z 32 288 32 240 2 zener\s7.5\s(?)
g 32 288 32 304 0 0
w 32 240 64 240 0
w 64 240 96 240 0
w 96 272 80 272 0
w 80 272 80 384 0
w 80 384 32 384 0
x -534 136 -440 139 4 24 GATE\sIN
r 112 176 160 176 0 100000
w 112 176 64 176 0
w 64 176 64 240 0
w 192 256 192 176 0
w 192 176 160 176 0
w 192 256 368 256 0
r -16 384 32 384 0 10000
x -75 362 -25 365 4 24 OUT
r 192 336 240 336 0 1000
r 192 336 144 336 0 100000
R 144 336 128 336 0 0 40 12 0 0 0.5
g 240 336 256 336 0 0
w 272 352 192 352 0
w 192 352 192 336 0
w 272 352 272 304 0
w 304 304 272 304 0
w 352 304 384 304 0
w 384 304 384 368 0
w 384 368 368 368 0
w 272 384 80 384 0
d 368 256 416 256 2 1N4148
d 384 304 432 304 2 1N4148
w 416 256 464 256 0
w 464 256 464 272 0
w 464 272 464 304 0
w 464 304 432 304 0
w 464 272 528 272 0
r 528 272 528 320 0 100000
g 528 320 528 336 0 0
d 384 368 432 368 2 1N4148
w 432 368 656 368 0
w 528 272 576 272 0
w 496 224 496 208 0
g 544 208 560 208 0 0
R 448 208 432 208 0 0 40 12 0 0 0.5
r 496 208 448 208 0 100000
r 496 208 544 208 0 100000
w 576 240 496 240 0
w 496 240 496 224 0
d 672 256 720 256 2 1N4148
r 720 256 720 304 0 10000
162 720 304 768 304 2 default-led 1 0 0 0.01
g 768 304 768 320 0 0
g 704 416 704 432 0 0
162 656 416 704 416 2 default-led 1 0 0 0.01
r 656 368 656 416 0 10000
w 656 368 688 368 0
w 720 256 800 256 0
w 688 368 800 368 0
r 800 256 848 256 0 1000
r 800 368 848 368 0 1000
p 912 256 912 304 1 0 0
p 912 368 912 416 1 0 0
g 912 416 912 432 0 0
g 912 304 912 320 0 0
r 848 256 848 304 0 100000
g 848 304 848 320 0 0
g 848 416 848 432 0 0
r 848 368 848 416 0 100000
w 912 368 848 368 0
w 912 256 848 256 0
a 96 256 192 256 9 12 -12 1000000 0 -0.3366453284145999 100000
a 272 368 368 368 9 12 -12 1000000 0 0.14378813194621232 100000
a 576 256 672 256 9 12 -12 1000000 11.497983204613794 6 100000
p 384 368 384 416 1 0 0
g 384 416 384 432 0 0
r 304 304 352 304 0 470000
a -336 240 -240 240 9 12 -12 1000000 0 -1.5238155701879919 100000
g -336 256 -352 256 0 0
w -448 176 -416 176 0
r -416 176 -416 224 0 100000
r -416 224 -416 272 0 1000000
w -416 224 -336 224 0
w -336 224 -336 160 0
r -336 160 -240 160 0 2200000
w -240 160 -240 240 0
w -240 240 -224 240 0
c -224 240 -192 240 0 1e-10 -11.811081820073301 0.001
w -192 240 -176 240 0
r -176 240 -176 304 0 100000
g -176 304 -176 320 0 0
w -176 240 -80 240 0
p -32 240 -32 288 1 0 0
g -32 288 -32 304 0 0
403 -160 80 48 208 0 96_64_0_4098_1.25_0.1_0_1
d -240 64 -240 160 2 1N4148
r -240 64 -320 64 0 10000
174 -352 32 -352 96 1 10000 0.6584000000000001 SUSTAIN
w -336 64 -320 64 0
R -352 32 -352 16 0 0 40 7.5 0 0 0.5
g -352 96 -352 112 0 0
R -416 272 -416 288 0 0 40 -12 0 0 0.5
p -240 64 -192 64 1 0 0
g -192 64 -160 64 0 0
403 -256 -96 -80 16 0 106_64_0_4098_20_0.1_0_1_SUSTAIN\sBUF
x 955 260 1064 263 4 24 EOR\sOUT
x 955 373 1064 376 4 24 EOC\sOUT
