$ 1 0.000005 12.050203812241895 50 5 43 5e-11
R -272 256 -320 256 0 2 4 5 0 0 0.5
w -208 256 -272 256 0
r -80 240 -16 240 0 1000
r 0 240 64 240 0 10000
34 zener-7.5 1 1.7143528192810002e-7 0 2.0000000000000084 7.5 1
z 0 304 0 256 2 zener-7.5
34 zener-7.5-2 1 1.7143528192810002e-7 0 2.0000000000000084 7.5 1
z 0 320 0 368 2 zener-7.5-2
g 0 384 0 400 0 0
w 0 384 0 368 0
w 0 320 0 304 0
w 0 256 0 240 0
w -16 240 0 240 0
w -112 240 -80 240 0
174 64 240 112 240 1 500000 0.9950000000000001 Effective integrator resistance
w 96 224 96 208 0
w 96 208 144 208 0
w 144 208 144 240 0
w 144 240 128 240 0
s 160 240 224 240 0 1 false
g 224 288 224 304 0 0
w 240 272 224 288 0
w 144 240 160 240 0
w 224 240 240 240 0
c 256 160 304 160 0 1e-8 4.819324170223093 0.001
r 304 160 368 160 0 1000
w 256 160 240 160 0
w 240 160 240 224 0
w 304 160 304 112 0
w 304 112 464 112 0
w -208 224 -208 112 0
w -208 112 -208 96 0
w -208 96 368 96 0
w 368 256 352 256 0
w 240 224 240 240 0
w 368 96 384 96 0
w 384 96 384 160 0
w 368 160 384 160 0
w 384 160 384 256 0
w 384 256 368 256 0
a -208 240 -112 240 9 15 -15 1000000 5 -4.81927597746332 100000
a 240 256 336 256 8 15 -15 1000000 0.000048192759774633204 0 100000
w 352 256 336 256 0
o 27 64 0 x83013 5.36948740320973 0.0001 0 4 2 2 27 3 2 0 0 0 2 0 0 3 0.025 0
