$ 1 0.000005 10.20027730826997 50 5 43 5e-11
a 496 208 592 208 9 11 -11 1000000 0 -1.3199999999999998 100000
a 496 400 592 400 9 11 -11 1000000 0 -1.3199999999999998 100000
g 496 416 480 416 0 0
g 496 224 480 224 0 0
172 400 192 368 192 0 7 -1.3199999999999998 2 -2 0 0.5 Voltage
w 496 192 400 192 0
w 496 384 416 384 0
w 400 192 400 320 0
d 592 208 656 208 2 default
r 656 208 736 208 0 1000
r 736 208 736 272 0 1000
g 736 272 736 288 0 0
w 736 208 768 208 0
p 1136 208 1136 272 1 0 0
g 1088 272 1088 288 0 0
w 400 320 400 384 0
w 416 384 400 384 0
x 638 182 880 185 4 13 Similar\sto\sYusynth\scomparators\sschematic
s 1008 208 1088 208 0 0 false
r 1088 208 1088 272 0 20000
g 1136 272 1136 288 0 0
w 1088 208 1136 208 0
g 784 464 784 480 0 0
r 784 400 784 464 0 3300
d 592 400 656 400 2 default
w 1136 400 1184 400 0
g 1184 464 1184 480 0 0
r 1136 400 1136 464 0 100000
s 1056 400 1136 400 0 0 false
g 1136 464 1136 480 0 0
p 1184 400 1184 464 1 0 0
w 768 208 1008 208 0
a 848 416 944 416 9 11 -11 1000000 -0.0005657284320154284 -0.0005657340892997485 100000
w 848 400 784 400 0
w 848 432 848 464 0
w 848 464 944 464 0
w 944 464 944 416 0
w 944 416 1056 400 0
w 416 608 400 608 0
w 400 544 400 608 0
w 496 608 416 608 0
g 496 640 480 640 0 0
a 496 624 592 624 9 11 -11 1000000 0 -1.3199999999999998 100000
w 400 384 400 544 0
t 672 624 704 624 0 1 -12.017142316412977 -0.017142354404991213 100 default
r 768 640 768 704 0 1000
r 768 704 768 768 0 2200
g 768 768 768 784 0 0
p 1280 624 1280 688 1 0 0
g 1232 688 1232 704 0 0
s 1152 624 1232 624 0 0 false
r 1232 624 1232 688 0 100000
g 1280 688 1280 704 0 0
w 1232 624 1280 624 0
w 1152 624 768 704 0
d 592 624 640 624 2 default
R 704 608 704 576 0 0 40 12 0 0 0.5
r 640 624 640 704 0 100000
g 640 704 640 720 0 0
w 672 624 640 624 0
162 704 704 704 736 2 default-led 1 0 0 0.01
r 704 640 704 704 0 10000
g 704 736 704 752 0 0
w 704 640 768 640 0
x 751 598 831 601 4 13 From\sCGS\s69
g 656 496 656 512 0 0
r 656 400 656 464 0 10000
162 656 464 656 496 2 default-led 1 0 0 0.01
w 688 400 656 400 0
x 745 366 1342 369 4 13 More\sstability\svs\schanges\sin\sload.\sMaybe\sbest\sconsidering\smultiple\souts.\sBut\ssucceptible\sto\sopamp\soffset
r 688 400 784 400 0 1000
