$ 1 0.000005 10.20027730826997 50 5 43 5e-11
174 624 288 640 368 1 100000 0.9950000000000001 Resistance
g 624 384 624 400 0 0
w 640 336 704 336 0
w 624 288 656 288 0
r 656 288 720 288 0 100000
w 704 336 720 336 0
409 736 304 848 304 1 0.6 -12.905453391095945 0.023100000000000002 0
R 784 272 784 240 0 0 40 12 0 0 0.5
R 784 336 784 368 0 0 40 -12 0 0 0.5
w 736 320 720 336 0
w 736 288 720 288 0
w 624 288 592 288 0
w 592 288 560 288 0
r 768 208 848 208 0 100000
w 768 208 736 208 0
w 736 288 736 208 0
w 848 208 848 304 0
w 848 304 880 304 0
p 944 304 944 336 1 0 0
g 944 336 944 352 0 0
r 528 240 528 288 0 4700
r 528 288 528 352 0 10000
g 528 240 528 224 0 0
w 560 288 528 288 0
s 528 352 528 416 0 0 false
R 528 416 528 464 0 0 40 -5 0 0 0.5
r 880 304 880 368 0 100000
g 880 368 880 400 0 0
w 944 304 880 304 0
o 17 64 0 4099 2.5 0.00009765625 0 2 17 3
