$ 1 0.000005 8.281975887399955 50 5 43 5e-11
a 176 208 256 208 9 15 -15 1000000 -0.000025599985707009153 0 100000
R 64 224 32 224 0 4 20 3 0 0 0.5
r 96 224 128 224 0 100000
r 176 272 224 272 0 100000
r 144 160 144 112 0 33000
w 96 224 64 224 0
w 144 224 176 224 0
w 224 272 288 272 0
w 288 272 288 208 0
w 144 160 144 192 0
w 144 192 176 192 0
w 144 112 144 96 0
w 144 96 192 96 0
w 192 96 192 112 0
g 192 112 192 128 0 0
w 256 208 288 208 0
w 176 272 160 272 0
w 144 240 144 272 0
w 144 224 128 224 0
w 144 224 144 240 0
w 144 272 160 272 0
r 352 224 352 256 0 56000
r 352 288 352 320 0 1000
g 352 336 352 352 0 0
w 288 208 352 208 0
w 352 208 352 224 0
w 352 256 352 288 0
w 352 320 352 336 0
t 416 272 448 272 0 1 0.037481441139152645 0.5988281857401782 150 default
R 448 368 448 400 0 0 40 -12 0 0 0.5
g 448 208 448 192 0 0
w 448 208 448 256 0
r 448 304 448 336 0 10000
w 448 288 448 304 0
w 448 336 448 368 0
w 416 272 352 256 0
t 512 288 544 288 0 -1 6.338988984904684 -0.5613467446010255 150 default
g 544 240 544 224 0 0
w 544 240 544 272 0
w 512 288 448 288 0
r 544 320 544 368 0 15000
w 544 304 544 320 0
w 544 368 544 384 0
w 784 400 784 464 0
R 784 464 784 480 0 0 40 -10.6 0 0 0.5
402 432 480 560 480 1 0\s0\s40\s-12\s0\s0\s0.5 0\s0\s40\s12\s0\s0\s0.5 0\s1\s0.5431606775416729\s0.5610893847723819\s100\sdefault 0\s1\s-0.5610893847723819\s0.543161579459964\s100\sdefault 0\s1\s0\s0.543161579459964\s100\sdefault 0\s1\s-22.659422291671813\s0.25949486524736187\s100\sdefault 0\s1\s-22.6594260400424\s0.2594948696282664\s100\sdefault 0\s-1\s0.25999510109124735\s-0.2599974552989046\s100\sdefault 0\s-1\s0\s-0.2599974552989046\s100\sdefault 0\s-1\s22.95927883931502\s-0.25999510109124735\s100\sdefault 0\s-1\s0.2599950323995657\s-0.2599937712390936\s100\sdefault 0\s-1\s0\s-0.2599937712390936\s100\sdefault 0\s-1\s22.62840315376601\s-0.2599950323995657\s100\sdefault 0\s1\s0\s0.2602411641830855\s100\sdefault 0\s1\s-0.2604874401117456\s0.2602411641830855\s100\sdefault 0\s1\s-0.33087943830050115\s0.2604874401117456\s100\sdefault 0\s1\s0\s2.064686199787502e-9\s100\sdefault 0\s1\s0\s-2.3162183282465776e-9\s100\sdefault
w 544 384 544 448 0
o 15 64 0 4099 20 0.000390625 0 4 15 3 43 0 43 3
