$ 1 0.000005 0.32112705431535615 29 5 43 5e-11
402 96 272 208 272 1 0\s0\s40\s-12\s0\s0\s0.5 0\s0\s40\s12\s0\s0\s0.5 0\s1\s-10.371578813357914\s0.5559865454705939\s100\sdefault 0\s1\s-0.5559865454705939\s0.5557317171387908\s100\sdefault 0\s1\s0\s0.5557317171387908\s100\sdefault 0\s1\s-10.869175731545944\s0.5492640514955777\s100\sdefault 0\s1\s-10.966859093047214\s0.5167029240327007\s100\sdefault 0\s-1\s0.5492589835896329\s-0.5490041574015461\s100\sdefault 0\s-1\s0\s-0.5490041574015461\s100\sdefault 0\s-1\s21.803483849353423\s-0.5492589835896329\s100\sdefault 0\s-1\s0.516697864190057\s-0.5164430427627291\s100\sdefault 0\s-1\s0\s-0.5164430427627291\s100\sdefault 0\s-1\s14.50211032616247\s-0.516697864190057\s100\sdefault 0\s1\s0\s0.548999090626312\s100\sdefault 0\s1\s-0.5492539190290859\s0.548999090626312\s100\sdefault 0\s1\s-7.366495757229347\s0.5492539190290859\s100\sdefault 0\s1\s0\s-0.020122821065306794\s100\sdefault 0\s1\s0\s0.012438306397570154\s100\sdefault
w 192 240 192 208 1
r 192 208 192 160 0 15000
w 192 160 192 144 0
g 192 48 192 32 0 0
g 96 240 80 240 0 0
w 208 272 224 272 0
c 224 272 224 320 0 2.2000000000000003e-9 -3.535251233115255 0
g 224 320 224 336 0 0
t 160 80 192 80 0 -1 7.084075219031318 -0.5559916150349117 100 default
w 192 48 192 64 0
w 192 96 192 144 0
w 160 80 128 80 0
w 128 80 128 96 2
r -64 176 0 176 0 5000
t 112 64 128 64 0 1 0.04275436769733761 0.5987459827322493 100 default
g 128 48 128 32 0 0
w 112 64 96 64 0
a 352 288 432 288 9 15 -15 1000000 -3.5352158809564456 -3.535251233115255 100000
w 224 272 352 272 0
w 352 304 352 336 0
w 352 336 448 336 0
w 448 336 448 288 0
w 448 288 432 288 0
r 448 288 512 288 0 10000
a 528 304 624 304 9 15 -15 1000000 0 0.2474862852853852 100000
w 512 288 528 288 0
g 528 320 528 352 0 0
w 528 288 528 240 0
w 528 240 544 240 0
r 544 240 592 240 0 39000
w 592 240 624 240 0
w 624 240 624 304 0
w 624 304 656 304 0
w 624 304 624 400 0
w 624 400 80 400 0
r 48 368 48 336 0 100000
w 96 64 64 64 0
r 32 -32 32 16 0 0.01
r 32 16 32 64 0 51000
r 32 64 32 96 0 1000
g 32 96 32 112 0 0
172 32 -32 -16 -32 0 7 2.8 5 0 0 0.5 Expo control voltage
w 32 64 64 64 0
r 656 304 656 352 0 3300
r 656 352 656 384 0 3300
g 656 384 656 400 0 0
w 96 304 48 304 0
w 48 304 48 336 0
w 48 368 48 400 0
w 48 400 80 400 0
w 96 304 96 320 0
r 96 320 96 352 0 220
g 96 352 96 368 0 0
403 704 304 928 384 0 44_4_0_13832_0.0001_0.0001_0_2_44_3
172 -432 144 -432 112 0 7 0 8 -8 0 0.5 Lin FM CV
R -368 144 -368 112 0 0 40 12 0 0 0.5
a -272 176 -176 176 8 15 -15 1000000 0.00005999859926181102 0 100000
w -64 176 -176 176 2
w -288 224 -288 192 0
w -288 192 -272 192 0
g -288 224 -288 240 0 0
r -272 128 -208 128 0 100000
w -208 128 -192 128 0
w -192 128 -176 176 0
w -272 128 -272 160 0
w -272 160 -304 160 0
r -368 144 -320 144 0 200000
r -368 176 -320 176 0 100000
w -320 144 -304 160 0
w -320 176 -304 160 0
174 -432 144 -432 192 1 100000 0.7277 Lin CV amt
w -368 176 -416 176 0
g -432 208 -432 224 0 0
r -48 208 0 208 0 10000
R -48 208 -80 208 0 0 40 -12 0 0 0.5
S 48 192 16 192 0 0 false 0 2
w 16 208 0 208 0
w 0 176 16 176 0
w 128 96 128 176 0
w 128 176 128 192 0
w 128 192 48 192 0
a 592 112 688 112 8 15 -15 1000000 -0.00003535145178052885 0 100000
r 560 96 512 96 0 100000
r 608 32 656 32 0 100000
w 448 288 448 96 0
w 512 96 448 96 0
w 592 128 576 128 0
w 576 128 576 144 0
g 576 144 576 160 0 0
w 592 96 560 96 0
w 608 32 592 32 0
w 592 32 592 96 0
w 656 32 688 32 0
w 688 32 688 112 0
w 688 112 720 112 0
403 960 304 1200 384 0 44_16_0_4107_10_0.003125_0_2_44_3
403 768 112 1040 224 0 95_2_0_4107_5_0.00009765625_0_2_95_3
a 1008 -272 1104 -272 8 15 -15 1000000 0.6715749554568928 0.6716092900647658 100000
c 976 -240 976 -192 0 1e-9 0.6716092900647658 0.001
g 976 -192 976 -176 0 0
w 1008 -256 976 -256 0
w 976 -256 976 -240 0
d 912 -256 912 -224 2 default
d 912 -224 912 -192 2 default
d 912 -192 912 -160 2 default
d 944 -224 944 -256 2 default
d 944 -192 944 -224 2 default
d 944 -160 944 -192 2 default
w 912 -160 944 -160 0
g 912 -160 912 -144 0 0
w 976 -256 944 -256 0
w 944 -256 912 -256 0
g 944 -336 912 -336 0 0
r 944 -336 976 -336 0 22000
r 1024 -336 1072 -336 0 100000
w 1024 -336 992 -336 0
w 992 -336 992 -288 0
w 992 -288 1008 -288 0
w 992 -336 976 -336 0
w 1072 -336 1120 -336 0
w 1120 -336 1120 -272 0
w 1120 -272 1104 -272 0
w 912 -256 864 -256 0
w 736 -48 736 112 0
w 736 112 720 112 0
403 1184 -336 1744 -176 0 122_1_0_5130_5_0.00009765625_0_2_122_3
r 752 -48 800 -48 0 67000
r 816 -48 848 -48 0 33000
w 736 -48 752 -48 0
w 800 -48 816 -48 0
w 848 -48 864 -48 0
g 864 -48 896 -48 0 0
w 864 -256 816 -256 0
w 800 -48 800 -256 0
w 800 -256 816 -256 0
c 1024 -368 1072 -368 0 5.6e-11 -2.7618858318456136 0.001
w 992 -336 992 -368 0
w 992 -368 1024 -368 0
w 1072 -368 1120 -368 0
w 1120 -368 1120 -336 0
w 736 -48 736 -480 0
w 736 -480 848 -480 0
r 848 -480 848 -544 0 220000
d 800 -608 848 -608 2 default
d 848 -592 800 -592 2 default
r 800 -640 848 -640 0 47000
c 800 -688 848 -688 0 1e-9 -0.20493464257540125 0.001
w 848 -544 848 -592 0
w 848 -592 848 -608 0
w 848 -608 848 -640 0
w 848 -640 848 -688 0
w 800 -688 800 -640 0
w 800 -640 800 -608 0
w 800 -608 800 -592 0
w 800 -592 800 -576 0
g 800 -576 800 -560 0 0
a 880 -464 976 -464 9 15 -15 1000000 0.20490789946749638 0.20493464257540125 100000
w 880 -544 848 -544 0
r 864 -416 816 -416 0 3900
r 944 -416 992 -416 0 47000
w 944 -416 880 -416 0
w 880 -448 880 -416 0
w 880 -416 864 -416 0
w 976 -464 992 -464 0
w 992 -464 992 -416 0
g 816 -416 800 -416 0 0
403 1184 -512 1728 -368 0 165_1_0_13322_2.8300038928847715_0.0001_0_2_165_3
w 880 -544 880 -480 0
x 1652 -453 1932 -450 4 24 sin\sshaper\sfrom\sschematic
x 1636 -283 1913 -280 4 24 sin\sshaper\sfrom\sFB\sthread
o 23 2 0 136970 5 0.000390625 0 1
